Experiment for approach1a for 50 on fully_symmetric 
Approach:
-------------0------------
OPTIMAL VALUE: [3.]
--------Machine allocation--------
0	0	1	1	7	1	26	31	2	2	2	3	3	42	3	3	3	4	36	4	4	5	17	34	6	6	15	7	7	8	8	10	8	8	11	9	48	9	28	30	9	9	10	40	14	10	12	12	13	13	15	16	17	21	17	18	48	18	42	39	18	18	20	20	44	41	21	21	33	21	31	29	22	39	22	23	23	23	23	47	45	24	33	37	24	24	24	25	25	26	26	26	33	26	27	29	47	31	31	34	34	35	35	36	36	37	37	38	38	39	40	41	42	43	43	44	44	45	46	46	48	49	49	49	50	50	50	1	1	2	2	2	3	4	5	5	5	5	6	6	9	9	10	10	11	11	12	12	12	13	14	14	14	15	16	16	17	17	18	19	19	19	20	21	22	22	23	24	25	25	25	25	27	27	28	29	30	30	30	30	31	32	33	34	34	36	37	38	38	38	38	39	39	40	41	46	46	48	48	49	49	49	0	0	0	0	0	0	0	0	0	0	0	0	0	0	0	0	0	0	0	0	0	0	0	0	0	0	0	0	0	0	0	0	0	0	0	0	0	0	0	0	0	0	0	0	0	0	0	0	0	0	0	0	0	0	0	0	0	0	0	0	0	0	0	0	0	0	0	0	0	0	0	0	0	0	0	0	0	0	0	0	0	0	0	0	0	0	0	0	0	0	0	0	0	0	0	0	0	0	0	0	
0	0	5	7	28	10	11	14	20	4	15	32	13	17	21	27	28	29	35	22	30	31	33	32	33	11	37	26	39	16	40	41	45	42	44	36	45	47	48	50	1	35	4	35	20	6	20	6	50	7	42	28	7	47	8	8	46	11	12	13	13	24	14	15	15	16	16	18	19	19	19	45	22	23	27	27	28	29	29	32	32	32	34	35	36	43	43	37	40	40	41	41	42	43	43	44	44	45	46	47	47	50	0	0	0	0	0	0	0	0	0	0	0	0	0	0	0	0	0	0	0	0	0	0	0	0	0	0	0	0	0	0	0	0	0	0	0	0	0	0	0	0	0	0	0	0	0	0	0	0	0	0	0	0	0	0	0	0	0	0	0	0	0	0	0	0	0	0	0	0	0	0	0	0	0	0	0	0	0	0	0	0	0	0	0	0	0	0	0	0	0	0	0	0	0	0	0	0	0	0	0	0	0	0	0	0	0	0	0	0	0	0	0	0	0	0	0	0	0	0	0	0	0	0	0	0	0	0	0	0	0	0	0	0	0	0	0	0	0	0	0	0	0	0	0	0	0	0	0	0	0	0	0	0	0	0	0	0	0	0	0	0	0	0	0	0	0	0	0	0	0	0	0	0	0	0	0	0	0	0	0	0	0	0	0	0	0	0	0	0	0	0	0	0	0	0	0	0	0	0	0	0	
--------Completition time--------
C1: 132 - 0 [0. 1.] - 0.0
C2: 135 - 0 [1. 0.] - 0.0
C3: 136 - 0 [1. 0.] - 0.0
C4: 137 - 0 [0. 1.] - 0.0
C5: 141 - 0 [1. 0.] - 0.0
C6: 143 - 0 [1. 0.] - 0.0
C7: 56 - 1 [1. 0.] - 0.0
C8: 59 - 1 [1. 0.] - 0.0
C9: 145 - 0 [1. 0.] - 0.0
C10: 147 - 0 [1. 0.] - 0.0
C11: 149 - 0 [0. 1.] - 0.0
C12: 152 - 0 [0. 1.] - 0.0
C13: 153 - 0 [1. 0.] - 0.0
C14: 156 - 0 [0. 1.] - 0.0
C15: 157 - 0 [0. 1.] - 0.0
C16: 159 - 0 [0. 1.] - 0.0
C17: 161 - 0 [1. 0.] - 0.0
C18: 162 - 0 [0. 1.] - 0.0
C19: 165 - 0 [0. 1.] - 0.0
C20: 166 - 0 [0. 1.] - 0.0
C21: 167 - 0 [0. 1.] - 0.0
C22: 169 - 0 [0. 1.] - 0.0
C23: 170 - 0 [1. 0.] - 0.0
C24: 171 - 0 [0. 1.] - 0.0
C25: 175 - 0 [0. 1.] - 0.0
C26: 97 - 0 [0. 1.] - 0.0
C27: 177 - 0 [0. 1.] - 0.0
C28: 178 - 0 [1. 0.] - 0.0
C29: 179 - 0 [1. 0.] - 0.0
C30: 183 - 0 [1. 0.] - 0.0
C31: 184 - 0 [1. 0.] - 0.0
C32: 185 - 0 [1. 0.] - 0.0
C33: 186 - 0 [0. 1.] - 0.0
C34: 188 - 0 [1. 0.] - 0.0
C35: 106 - 0 [1. 0.] - 0.0
C36: 189 - 0 [1. 0.] - 0.0
C37: 190 - 0 [0. 1.] - 0.0
C38: 194 - 0 [0. 1.] - 0.0
C39: 196 - 0 [0. 1.] - 0.0
C40: 197 - 0 [1. 0.] - 0.0
C41: 198 - 0 [0. 1.] - 0.0
C42: 116 - 0 [1. 0.] - 0.0
C43: 118 - 0 [1. 0.] - 0.0
C44: 120 - 0 [1. 0.] - 0.0
C45: 121 - 0 [1. 0.] - 0.0
C46: 200 - 0 [0. 1.] - 0.0
C47: 104 - 1 [0. 1.] - 0.0
C48: 202 - 0 [1. 0.] - 0.0
C49: 205 - 0 [0. 1.] - 0.0
C50: 130 - 0 [0. 1.] - 0.0
max is: 205
check other constraints
VIOLATED
-------------1------------
OPTIMAL VALUE: [3.]
--------Machine allocation--------
0	0	1	1	7	1	26	31	2	2	2	3	3	42	3	3	3	4	36	4	4	5	17	34	6	6	15	7	7	8	8	10	8	8	11	9	48	9	28	30	9	9	10	40	14	10	12	12	13	13	15	16	17	21	17	18	48	18	42	39	18	18	20	20	44	41	21	21	33	21	31	29	22	39	22	23	23	23	23	47	45	24	33	37	24	24	24	25	25	26	26	26	33	26	27	29	47	31	31	34	34	35	35	36	36	37	37	38	38	39	40	41	43	43	44	44	45	46	46	46	48	49	49	49	50	50	0	1	2	2	2	3	4	5	5	5	5	6	6	9	9	10	10	11	11	12	12	12	13	14	14	14	15	16	16	17	17	18	19	19	19	20	21	22	22	23	24	25	25	25	25	27	27	28	29	30	30	30	30	31	32	33	34	34	38	38	38	39	46	48	49	49	0	0	0	0	0	0	0	0	0	0	0	0	0	0	0	0	0	0	0	0	0	0	0	0	0	0	0	0	0	0	0	0	0	0	0	0	0	0	0	0	0	0	0	0	0	0	0	0	0	0	0	0	0	0	0	0	0	0	0	0	0	0	0	0	0	0	0	0	0	0	0	0	0	0	0	0	0	0	0	0	0	0	0	0	0	0	0	0	0	0	0	0	0	0	0	0	0	0	0	0	0	0	0	0	0	0	0	0	0	0	
0	0	5	7	28	10	11	14	20	4	15	32	13	17	21	27	28	29	35	22	30	31	33	32	33	11	37	26	39	16	40	41	45	42	44	36	45	47	48	50	1	35	4	35	20	6	20	6	50	7	42	28	7	47	8	8	46	11	12	13	13	24	14	15	15	16	16	18	19	19	19	45	22	23	27	27	28	29	29	32	32	32	34	35	36	43	43	37	40	40	41	41	42	43	43	44	44	45	46	47	47	50	1	36	37	38	39	40	41	42	48	49	50	0	0	0	0	0	0	0	0	0	0	0	0	0	0	0	0	0	0	0	0	0	0	0	0	0	0	0	0	0	0	0	0	0	0	0	0	0	0	0	0	0	0	0	0	0	0	0	0	0	0	0	0	0	0	0	0	0	0	0	0	0	0	0	0	0	0	0	0	0	0	0	0	0	0	0	0	0	0	0	0	0	0	0	0	0	0	0	0	0	0	0	0	0	0	0	0	0	0	0	0	0	0	0	0	0	0	0	0	0	0	0	0	0	0	0	0	0	0	0	0	0	0	0	0	0	0	0	0	0	0	0	0	0	0	0	0	0	0	0	0	0	0	0	0	0	0	0	0	0	0	0	0	0	0	0	0	0	0	0	0	0	0	0	0	0	0	0	0	0	0	0	0	0	0	0	0	0	0	0	0	0	0	0	0	0	0	0	0	0	
--------Completition time--------
C1: 131 - 0 [0. 1.] - 0.0
C2: 134 - 0 [1. 0.] - 0.0
C3: 135 - 0 [1. 0.] - 0.0
C4: 136 - 0 [0. 1.] - 0.0
C5: 140 - 0 [1. 0.] - 0.0
C6: 142 - 0 [1. 0.] - 0.0
C7: 56 - 1 [1. 0.] - 0.0
C8: 59 - 1 [1. 0.] - 0.0
C9: 144 - 0 [1. 0.] - 0.0
C10: 146 - 0 [1. 0.] - 0.0
C11: 148 - 0 [0. 1.] - 0.0
C12: 151 - 0 [0. 1.] - 0.0
C13: 152 - 0 [1. 0.] - 0.0
C14: 155 - 0 [0. 1.] - 0.0
C15: 156 - 0 [0. 1.] - 0.0
C16: 158 - 0 [0. 1.] - 0.0
C17: 160 - 0 [1. 0.] - 0.0
C18: 161 - 0 [0. 1.] - 0.0
C19: 164 - 0 [0. 1.] - 0.0
C20: 165 - 0 [0. 1.] - 0.0
C21: 166 - 0 [0. 1.] - 0.0
C22: 168 - 0 [0. 1.] - 0.0
C23: 169 - 0 [1. 0.] - 0.0
C24: 170 - 0 [0. 1.] - 0.0
C25: 174 - 0 [0. 1.] - 0.0
C26: 97 - 0 [0. 1.] - 0.0
C27: 176 - 0 [0. 1.] - 0.0
C28: 177 - 0 [1. 0.] - 0.0
C29: 178 - 0 [1. 0.] - 0.0
C30: 182 - 0 [1. 0.] - 0.0
C31: 183 - 0 [1. 0.] - 0.0
C32: 184 - 0 [1. 0.] - 0.0
C33: 185 - 0 [0. 1.] - 0.0
C34: 187 - 0 [1. 0.] - 0.0
C35: 106 - 0 [1. 0.] - 0.0
C36: 108 - 0 [1. 0.] - 0.0
C37: 110 - 0 [0. 1.] - 0.0
C38: 190 - 0 [0. 1.] - 0.0
C39: 191 - 0 [0. 1.] - 0.0
C40: 114 - 0 [1. 0.] - 0.0
C41: 115 - 0 [0. 1.] - 0.0
C42: 113 - 1 [1. 0.] - 0.0
C43: 117 - 0 [1. 0.] - 0.0
C44: 119 - 0 [1. 0.] - 0.0
C45: 120 - 0 [1. 0.] - 0.0
C46: 192 - 0 [0. 1.] - 0.0
C47: 104 - 1 [0. 1.] - 0.0
C48: 193 - 0 [1. 0.] - 0.0
C49: 195 - 0 [0. 1.] - 0.0
C50: 129 - 0 [0. 1.] - 0.0
max is: 195
check other constraints
VIOLATED
-------------2------------
OPTIMAL VALUE: [3.]
--------Machine allocation--------
0	0	7	8	34	40	29	35	44	10	34	7	35	17	35	42	13	31	6	8	23	8	35	17	35	44	30	23	44	31	31	31	23	23	13	30	13	13	13	44	13	5	5	5	5	5	44	5	29	8	29	42	29	29	29	28	28	28	31	31	10	10	10	10	10	45	6	9	2	3	7	34	48	42	35	32	2	3	6	28	9	43	36	9	6	7	6	43	17	2	36	36	8	43	30	48	32	43	23	30	45	44	3	48	17	32	9	17	36	45	32	6	42	36	2	2	40	3	30	45	7	34	32	43	43	48	40	45	40	9	3	7	48	34	40	42	9	2	45	42	17	34	28	36	48	23	28	32	40	30	3	8	0	0	0	0	0	0	0	0	0	0	0	0	0	0	0	0	0	0	0	0	0	0	0	0	0	0	0	0	0	0	0	0	0	0	0	0	0	0	0	0	0	0	0	0	0	0	0	0	0	0	0	0	0	0	0	0	0	0	0	0	0	0	0	0	0	0	0	0	0	0	0	0	0	0	0	0	0	0	0	0	0	0	0	0	0	0	0	0	0	0	0	0	0	0	0	0	0	0	0	0	0	0	0	0	0	0	0	0	0	0	0	0	0	0	0	0	0	0	0	0	0	0	0	0	0	0	0	0	0	0	0	0	0	0	0	0	0	0	0	0	0	0	0	0	0	0	0	0	0	0	
0	0	20	24	14	16	1	25	11	14	47	50	16	16	16	38	24	41	37	33	16	16	1	1	12	1	1	1	26	27	14	37	26	27	22	15	11	18	47	20	18	27	19	11	18	18	12	27	24	18	19	27	18	27	22	22	19	22	22	25	33	15	15	19	47	4	33	24	21	4	41	4	21	26	39	37	47	39	11	46	49	50	25	50	38	41	39	33	26	25	47	49	49	46	4	49	38	26	39	22	25	11	12	4	15	21	38	50	20	14	12	14	33	41	15	20	14	38	21	20	47	26	49	19	15	21	12	37	41	41	38	50	24	19	46	46	49	4	24	11	20	37	39	46	46	50	21	12	37	39	33	25	0	0	0	0	0	0	0	0	0	0	0	0	0	0	0	0	0	0	0	0	0	0	0	0	0	0	0	0	0	0	0	0	0	0	0	0	0	0	0	0	0	0	0	0	0	0	0	0	0	0	0	0	0	0	0	0	0	0	0	0	0	0	0	0	0	0	0	0	0	0	0	0	0	0	0	0	0	0	0	0	0	0	0	0	0	0	0	0	0	0	0	0	0	0	0	0	0	0	0	0	0	0	0	0	0	0	0	0	0	0	0	0	0	0	0	0	0	0	0	0	0	0	0	0	0	0	0	0	0	0	0	0	0	0	0	0	0	0	0	0	0	0	0	0	0	0	0	0	0	0	
--------Completition time--------
C1: 31 - 1 [0. 1.] - 0.0
C2: 141 - 0 [1. 0.] - 0.0
C3: 154 - 0 [1. 0.] - 0.0
C4: 141 - 1 [0. 1.] - 0.0
C5: 51 - 0 [1. 0.] - 0.0
C6: 115 - 0 [1. 0.] - 0.0
C7: 135 - 0 [1. 0.] - 0.0
C8: 155 - 0 [1. 0.] - 0.0
C9: 140 - 0 [1. 0.] - 0.0
C10: 68 - 0 [1. 0.] - 0.0
C11: 143 - 1 [0. 1.] - 0.0
C12: 151 - 1 [0. 1.] - 0.0
C13: 44 - 0 [1. 0.] - 0.0
C14: 120 - 1 [0. 1.] - 0.0
C15: 128 - 1 [0. 1.] - 0.0
C16: 25 - 1 [0. 1.] - 0.0
C17: 144 - 0 [1. 0.] - 0.0
C18: 56 - 1 [0. 1.] - 0.0
C19: 137 - 1 [0. 1.] - 0.0
C20: 144 - 1 [0. 1.] - 0.0
C21: 150 - 1 [0. 1.] - 0.0
C22: 103 - 1 [0. 1.] - 0.0
C23: 149 - 0 [1. 0.] - 0.0
C24: 142 - 1 [0. 1.] - 0.0
C25: 155 - 1 [0. 1.] - 0.0
C26: 125 - 1 [0. 1.] - 0.0
C27: 57 - 1 [0. 1.] - 0.0
C28: 150 - 0 [1. 0.] - 0.0
C29: 58 - 0 [1. 0.] - 0.0
C30: 153 - 0 [1. 0.] - 0.0
C31: 63 - 0 [1. 0.] - 0.0
C32: 151 - 0 [1. 0.] - 0.0
C33: 154 - 1 [0. 1.] - 0.0
C34: 145 - 0 [1. 0.] - 0.0
C35: 78 - 0 [1. 0.] - 0.0
C36: 147 - 0 [1. 0.] - 0.0
C37: 152 - 1 [0. 1.] - 0.0
C38: 134 - 1 [0. 1.] - 0.0
C39: 153 - 1 [0. 1.] - 0.0
C40: 152 - 0 [1. 0.] - 0.0
C41: 133 - 1 [0. 1.] - 0.0
C42: 143 - 0 [1. 0.] - 0.0
C43: 128 - 0 [1. 0.] - 0.0
C44: 105 - 0 [1. 0.] - 0.0
C45: 142 - 0 [1. 0.] - 0.0
C46: 148 - 1 [0. 1.] - 0.0
C47: 124 - 1 [0. 1.] - 0.0
C48: 148 - 0 [1. 0.] - 0.0
C49: 140 - 1 [0. 1.] - 0.0
C50: 149 - 1 [0. 1.] - 0.0
max is: 155
check other constraints
OK
-------------3------------
OPTIMAL VALUE: [155.]
--------Machine allocation--------
0	0	17	32	32	29	28	34	28	32	28	6	5	28	13	10	28	9	43	45	28	48	40	40	34	9	9	40	9	35	40	42	35	40	35	45	35	42	35	48	35	48	36	23	42	7	7	7	10	10	23	30	23	23	36	44	43	2	36	36	45	5	3	36	43	17	43	36	8	44	23	5	31	29	13	31	30	42	29	9	31	13	31	13	29	8	17	29	8	10	44	3	7	29	34	2	30	45	2	31	42	30	43	13	30	17	7	3	6	34	2	5	32	6	5	7	2	8	34	44	31	10	44	3	34	10	6	48	30	23	5	17	44	3	48	32	45	43	13	32	8	45	42	2	8	6	9	40	3	6	48	17	0	0	0	0	0	0	0	0	0	0	0	0	0	0	0	0	0	0	0	0	0	0	0	0	0	0	0	0	0	0	0	0	0	0	0	0	0	0	0	0	0	0	0	0	0	0	0	0	0	0	0	0	0	0	0	0	0	0	0	0	0	0	0	0	0	0	0	0	0	0	0	0	0	0	0	0	0	0	0	0	0	0	0	0	0	0	0	0	0	0	0	0	0	0	0	0	0	0	0	0	0	0	0	0	0	0	0	0	0	0	0	0	0	0	0	0	0	0	0	0	0	0	0	0	0	0	0	0	0	0	0	0	0	0	0	0	0	0	0	0	0	0	0	0	0	0	0	0	0	0	
0	0	4	41	47	27	49	46	4	26	26	49	1	1	49	26	49	19	1	1	1	1	39	49	47	25	4	4	14	50	50	50	50	4	33	11	27	25	26	27	27	33	22	19	21	33	27	18	19	38	22	38	38	33	18	33	22	24	33	20	38	18	38	16	21	21	19	15	11	16	18	19	16	21	12	16	16	24	16	14	15	15	22	47	22	24	47	22	39	37	26	38	18	19	25	50	37	20	25	20	12	27	15	20	11	20	26	21	50	46	47	37	24	11	41	49	12	37	15	12	25	14	18	14	39	46	37	25	24	46	12	4	39	41	41	39	46	14	11	14	41	12	37	11	20	39	47	21	15	41	46	24	0	0	0	0	0	0	0	0	0	0	0	0	0	0	0	0	0	0	0	0	0	0	0	0	0	0	0	0	0	0	0	0	0	0	0	0	0	0	0	0	0	0	0	0	0	0	0	0	0	0	0	0	0	0	0	0	0	0	0	0	0	0	0	0	0	0	0	0	0	0	0	0	0	0	0	0	0	0	0	0	0	0	0	0	0	0	0	0	0	0	0	0	0	0	0	0	0	0	0	0	0	0	0	0	0	0	0	0	0	0	0	0	0	0	0	0	0	0	0	0	0	0	0	0	0	0	0	0	0	0	0	0	0	0	0	0	0	0	0	0	0	0	0	0	0	0	0	0	0	0	
--------Completition time--------
C1: 25 - 1 [1. 0.] - 152.0
C2: 147 - 0 [0. 1.] - 152.0
C3: 152 - 0 [-0.  1.] - 152.0
C4: 135 - 1 [1. 0.] - 152.0
C5: 134 - 0 [-0.  1.] - 152.0
C6: 153 - 0 [0. 1.] - 152.0
C7: 119 - 0 [-0.  1.] - 152.0
C8: 148 - 0 [0. 1.] - 152.0
C9: 150 - 0 [0. 1.] - 152.0
C10: 129 - 0 [-0.  1.] - 152.0
C11: 147 - 1 [1. 0.] - 152.0
C12: 145 - 1 [1. 0.] - 152.0
C13: 142 - 0 [0. 1.] - 152.0
C14: 143 - 1 [1. 0.] - 152.0
C15: 152 - 1 [1. 0.] - 152.0
C16: 82 - 1 [1. 0.] - 152.0
C17: 155 - 0 [-0.  1.] - 152.0
C18: 126 - 1 [1. 0.] - 152.0
C19: 97 - 1 [1. 0.] - 152.0
C20: 148 - 1 [1. 0.] - 152.0
C21: 151 - 1 [1. 0.] - 152.0
C22: 91 - 1 [1. 0.] - 152.0
C23: 133 - 0 [-0.  1.] - 152.0
C24: 155 - 1 [1. 0.] - 152.0
C25: 131 - 1 [1. 0.] - 152.0
C26: 110 - 1 [1. 0.] - 152.0
C27: 105 - 1 [1. 0.] - 152.0
C28: 24 - 0 [-0.  1.] - 152.0
C29: 97 - 0 [0. 1.] - 152.0
C30: 132 - 0 [0. 1.] - 152.0
C31: 124 - 0 [-0.  1.] - 152.0
C32: 143 - 0 [0. 1.] - 152.0
C33: 62 - 1 [1. 0.] - 152.0
C34: 128 - 0 [-0.  1.] - 152.0
C35: 44 - 0 [-0.  1.] - 152.0
C36: 71 - 0 [-0.  1.] - 152.0
C37: 146 - 1 [1. 0.] - 152.0
C38: 95 - 1 [1. 0.] - 152.0
C39: 149 - 1 [1. 0.] - 152.0
C40: 151 - 0 [-0.  1.] - 152.0
C41: 153 - 1 [1. 0.] - 152.0
C42: 146 - 0 [0. 1.] - 152.0
C43: 141 - 0 [-0.  1.] - 152.0
C44: 136 - 0 [0. 1.] - 152.0
C45: 145 - 0 [0. 1.] - 152.0
C46: 154 - 1 [1. 0.] - 152.0
C47: 150 - 1 [1. 0.] - 152.0
C48: 154 - 0 [-0.  1.] - 152.0
C49: 119 - 1 [1. 0.] - 152.0
C50: 112 - 1 [1. 0.] - 152.0
max is: 155
check other constraints
OK
-------------4------------
OPTIMAL VALUE: [155.]
--------Machine allocation--------
0	0	26	49	39	0	4	39	38	15	50	39	0	0	26	37	0	50	0	12	15	0	0	0	33	0	4	4	0	0	20	0	0	38	0	26	46	21	1	18	0	0	0	0	0	0	21	37	18	0	27	0	16	16	0	4	0	0	0	0	20	0	0	41	27	0	0	25	12	21	0	15	25	24	0	11	1	0	0	0	16	0	22	0	0	41	0	49	22	11	37	25	0	27	33	14	12	0	0	1	19	0	0	0	22	0	0	19	0	0	20	0	25	0	0	22	0	0	0	0	0	0	33	0	16	0	16	0	0	39	0	0	0	50	20	4	25	0	0	25	47	24	0	0	0	0	0	0	1	1	49	0	0	15	0	38	0	0	14	0	0	0	0	0	0	0	0	47	1	0	0	18	0	24	0	47	11	20	0	15	0	0	0	0	0	37	50	0	0	24	0	0	0	21	0	0	0	50	27	0	39	0	0	39	0	26	0	22	0	0	49	0	19	0	11	0	33	11	0	19	47	41	0	46	0	0	0	18	21	46	46	0	24	0	0	0	14	0	0	33	49	0	0	21	47	0	15	0	0	12	0	46	41	0	19	0	0	0	24	41	18	50	11	0	37	47	37	27	0	0	20	33	16	46	0	38	0	49	22	0	0	4	12	0	19	0	0	14	14	12	0	0	0	14	41	27	0	38	18	38	26	26	
0	0	2	0	0	0	28	0	32	8	7	0	0	0	32	0	0	0	17	28	35	0	0	9	0	23	34	2	9	0	5	35	0	0	0	13	0	0	40	0	0	3	17	8	29	0	35	7	0	0	0	5	0	29	42	0	9	44	0	0	40	30	3	10	0	10	0	0	0	5	0	8	0	0	0	29	0	45	0	30	0	0	0	44	45	0	17	0	0	0	3	34	2	43	0	0	35	7	0	0	5	0	36	0	0	0	0	7	0	3	2	9	44	0	13	0	0	0	0	0	0	0	30	48	36	40	0	35	17	6	30	36	13	0	30	35	28	0	23	29	0	48	32	45	0	0	8	0	2	9	6	0	28	48	48	0	0	0	36	0	0	40	0	0	0	0	6	0	0	23	0	32	43	8	0	0	43	0	0	40	0	5	0	34	32	0	7	0	44	0	0	0	0	0	13	34	0	0	40	0	3	43	0	0	0	29	6	0	0	0	0	10	0	0	0	0	45	0	0	8	3	0	0	0	0	0	13	30	0	23	0	7	0	0	23	23	28	0	0	0	6	0	0	0	0	0	17	0	0	13	45	9	0	45	0	28	0	0	34	0	10	42	0	32	34	42	48	5	0	0	44	0	42	2	0	17	42	0	0	0	0	10	0	44	10	0	0	31	31	31	43	31	31	43	31	0	6	29	36	48	42	36	
--------Completition time--------
C1: 172 - 0 [0. 1.] - 152.0
C2: 277 - 1 [1. 0.] - 152.0
C3: 224 - 1 [1. 0.] - 152.0
C4: 285 - 0 [-0.  1.] - 152.0
C5: 271 - 1 [1. 0.] - 152.0
C6: 300 - 1 [1. 0.] - 152.0
C7: 235 - 1 [1. 0.] - 152.0
C8: 223 - 1 [1. 0.] - 152.0
C9: 255 - 1 [1. 0.] - 152.0
C10: 288 - 1 [1. 0.] - 152.0
C11: 266 - 0 [0. 1.] - 152.0
C12: 293 - 0 [-0.  1.] - 152.0
C13: 253 - 1 [1. 0.] - 152.0
C14: 297 - 0 [-0.  1.] - 152.0
C15: 250 - 0 [0. 1.] - 152.0
C16: 276 - 0 [-0.  1.] - 152.0
C17: 279 - 1 [1. 0.] - 152.0
C18: 302 - 0 [0. 1.] - 152.0
C19: 288 - 0 [0. 1.] - 152.0
C20: 274 - 0 [-0.  1.] - 152.0
C21: 247 - 0 [-0.  1.] - 152.0
C22: 282 - 0 [0. 1.] - 152.0
C23: 239 - 1 [1. 0.] - 152.0
C24: 262 - 0 [-0.  1.] - 152.0
C25: 143 - 0 [0. 1.] - 152.0
C26: 305 - 0 [0. 1.] - 0.0
C27: 299 - 0 [0. 1.] - 152.0
C28: 259 - 1 [1. 0.] - 152.0
C29: 301 - 1 [1. 0.] - 152.0
C30: 231 - 1 [1. 0.] - 152.0
C31: 298 - 1 [1. 0.] - 152.0
C32: 267 - 1 [1. 0.] - 152.0
C33: 275 - 0 [-0.  1.] - 152.0
C34: 268 - 1 [1. 0.] - 152.0
C35: 139 - 1 [1. 0.] - 0.0
C36: 305 - 1 [1. 0.] - 152.0
C37: 270 - 0 [-0.  1.] - 152.0
C38: 303 - 0 [-0.  1.] - 152.0
C39: 207 - 0 [-0.  1.] - 152.0
C40: 202 - 1 [1. 0.] - 152.0
C41: 298 - 0 [0. 1.] - 152.0
C42: 304 - 1 [1. 0.] - 152.0
C43: 297 - 1 [1. 0.] - 152.0
C44: 287 - 1 [1. 0.] - 152.0
C45: 257 - 1 [1. 0.] - 152.0
C46: 277 - 0 [-0.  1.] - 152.0
C47: 269 - 0 [-0.  1.] - 0.0
C48: 303 - 1 [1. 0.] - 152.0
C49: 281 - 0 [-0.  1.] - 152.0
C50: 265 - 0 [-0.  1.] - 152.0
max is: 305
check other constraints
OK
-------------5------------
OPTIMAL VALUE: [155.]
--------Machine allocation--------
0	0	0	0	13	0	0	13	0	2	0	0	7	0	0	44	34	31	32	0	0	6	6	17	0	0	0	0	32	0	0	0	0	34	0	17	0	0	0	0	0	3	0	0	17	0	44	8	44	9	9	0	0	0	0	48	3	44	2	0	7	2	0	30	0	0	0	32	31	0	0	0	0	0	29	0	0	0	0	0	13	0	0	0	5	0	0	0	7	0	31	6	0	31	0	34	17	6	0	8	0	23	0	0	30	30	48	36	36	7	0	36	36	0	0	36	0	36	0	13	3	0	0	0	2	28	40	23	42	42	45	45	43	0	0	28	45	35	0	0	0	43	35	0	0	40	0	28	35	35	42	23	0	0	0	44	0	10	43	0	3	40	23	0	9	28	40	5	30	6	0	0	0	0	23	48	0	0	5	0	0	17	0	0	0	29	7	0	0	29	13	30	0	7	8	0	10	29	0	0	44	29	0	0	17	10	2	0	0	0	29	9	0	5	0	0	42	40	0	34	8	48	0	45	28	0	35	40	43	9	42	0	0	45	43	45	28	30	0	8	32	2	0	0	5	10	48	0	0	0	6	0	0	0	0	0	0	0	5	0	0	31	32	3	3	0	0	48	23	0	31	0	0	0	34	0	0	34	0	0	0	10	13	0	0	10	8	0	0	0	0	9	0	0	0	32	0	0	42	35	0	43	
0	0	25	0	0	26	21	49	0	0	0	0	50	37	0	0	0	37	0	0	19	4	0	0	1	22	0	0	11	0	0	0	0	0	0	37	22	1	0	27	0	0	15	0	0	46	0	0	15	0	0	41	50	0	0	39	0	0	4	27	0	0	0	0	0	0	26	25	26	0	0	12	49	12	49	21	20	0	18	38	38	18	0	21	0	0	0	26	24	0	11	12	38	21	12	0	38	26	18	20	38	12	0	12	0	0	24	1	0	0	33	14	0	0	0	0	0	14	0	14	16	0	0	0	0	1	25	0	0	37	0	14	41	0	14	46	0	19	0	20	0	15	0	16	0	33	39	15	0	16	39	0	0	0	0	11	0	15	0	37	0	0	0	0	0	19	16	50	0	47	1	14	4	20	1	39	4	47	47	0	39	0	4	0	0	0	0	0	0	0	22	0	0	11	0	50	0	33	41	41	22	27	0	0	0	50	0	0	0	0	0	0	33	0	0	0	0	27	4	37	0	22	50	15	19	46	33	33	0	25	41	0	0	0	0	0	25	16	47	0	0	0	11	19	0	46	27	0	47	27	0	0	0	46	0	47	41	25	0	0	0	0	0	0	46	0	39	19	20	0	0	0	0	22	0	16	0	0	0	11	20	0	0	0	21	49	24	38	18	24	24	18	49	49	26	18	21	0	0	0	24	0	
--------Completition time--------
C1: 178 - 1 [1. 0.] - 152.0
C2: 245 - 0 [0. 1.] - 152.0
C3: 268 - 0 [-0.  1.] - 152.0
C4: 222 - 1 [1. 0.] - 152.0
C5: 262 - 0 [0. 1.] - 152.0
C6: 254 - 0 [0. 1.] - 152.0
C7: 197 - 0 [0. 1.] - 152.0
C8: 290 - 0 [-0.  1.] - 152.0
C9: 295 - 0 [-0.  1.] - 152.0
C10: 289 - 0 [-0.  1.] - 152.0
C11: 283 - 1 [1. 0.] - 152.0
C12: 107 - 1 [1. 0.] - 152.0
C13: 286 - 0 [-0.  1.] - 152.0
C14: 175 - 1 [1. 0.] - 152.0
C15: 227 - 1 [1. 0.] - 152.0
C16: 279 - 1 [1. 0.] - 152.0
C17: 208 - 0 [-0.  1.] - 152.0
C18: 299 - 1 [1. 0.] - 152.0
C19: 271 - 1 [1. 0.] - 152.0
C20: 284 - 1 [1. 0.] - 152.0
C21: 300 - 1 [1. 0.] - 152.0
C22: 277 - 1 [1. 0.] - 152.0
C23: 272 - 0 [-0.  1.] - 152.0
C24: 304 - 1 [1. 0.] - 152.0
C25: 261 - 1 [1. 0.] - 0.0
C26: 298 - 1 [1. 0.] - 152.0
C27: 253 - 1 [1. 0.] - 152.0
C28: 240 - 0 [0. 1.] - 152.0
C29: 214 - 0 [-0.  1.] - 152.0
C30: 241 - 0 [0. 1.] - 152.0
C31: 274 - 0 [-0.  1.] - 152.0
C32: 299 - 0 [0. 1.] - 152.0
C33: 231 - 1 [1. 0.] - 152.0
C34: 281 - 0 [-0.  1.] - 152.0
C35: 303 - 0 [0. 1.] - 152.0
C36: 121 - 0 [0. 1.] - 152.0
C37: 223 - 1 [1. 0.] - 152.0
C38: 291 - 1 [1. 0.] - 152.0
C39: 270 - 1 [1. 0.] - 152.0
C40: 231 - 0 [0. 1.] - 152.0
C41: 260 - 1 [1. 0.] - 152.0
C42: 302 - 0 [0. 1.] - 152.0
C43: 305 - 0 [-0.  1.] - 152.0
C44: 204 - 0 [-0.  1.] - 152.0
C45: 239 - 0 [-0.  1.] - 152.0
C46: 268 - 1 [1. 0.] - 152.0
C47: 259 - 1 [1. 0.] - 152.0
C48: 271 - 0 [0. 1.] - 152.0
C49: 297 - 1 [1. 0.] - 152.0
C50: 226 - 1 [1. 0.] - 152.0
max is: 305
check other constraints
OK
-------------6------------
OPTIMAL VALUE: [155.]
--------Machine allocation--------
0	0	25	0	22	25	0	0	0	47	49	0	50	0	0	24	0	27	0	0	15	25	0	41	41	20	0	0	37	46	0	18	0	38	46	24	0	21	0	0	0	0	0	4	18	12	0	0	16	0	47	33	0	11	22	0	0	0	0	4	24	20	0	0	0	27	4	0	49	12	0	25	41	0	20	49	0	50	0	4	19	24	47	0	0	27	41	39	0	49	33	21	37	0	0	38	0	49	39	16	0	0	0	15	14	16	0	0	0	0	39	16	0	0	26	0	26	0	14	0	0	0	50	19	21	24	0	38	0	1	0	0	38	4	1	49	0	46	46	0	21	0	27	0	0	0	0	14	11	0	26	0	0	24	0	0	12	0	0	0	11	20	38	0	38	0	37	18	12	0	1	33	14	0	0	0	0	0	18	0	0	33	0	0	0	39	33	11	11	47	0	0	0	0	22	1	26	0	0	0	47	14	37	1	15	20	0	0	0	33	0	1	50	0	0	0	0	39	0	12	0	16	0	0	0	0	47	0	0	25	0	0	50	0	37	0	0	0	0	0	37	0	25	39	22	0	0	0	0	4	15	41	0	41	0	15	0	0	0	0	0	0	0	0	0	0	0	19	19	12	11	0	26	19	27	21	20	46	22	22	18	46	19	21	14	0	50	15	0	0	27	0	0	0	0	0	0	0	26	0	18	16	
0	0	2	0	0	0	43	29	5	3	10	17	0	34	36	0	0	0	0	0	29	7	23	0	0	0	6	0	32	0	0	48	0	0	34	0	13	10	9	0	34	29	0	0	0	10	0	40	0	0	45	0	0	0	8	17	31	40	0	0	3	31	0	6	0	0	0	32	29	0	0	0	36	0	45	0	0	0	0	42	40	0	35	0	0	31	13	44	0	0	0	13	44	0	31	28	0	43	34	0	42	3	0	0	0	0	43	0	0	29	0	32	0	0	0	0	0	0	45	0	0	0	0	5	29	0	0	36	5	0	0	35	0	0	0	7	8	5	44	13	0	0	0	0	34	0	48	42	30	48	0	0	0	42	17	45	36	23	17	35	23	0	0	32	23	0	0	0	28	6	0	7	28	0	0	0	40	9	43	23	0	9	0	43	0	0	0	35	17	9	3	0	3	32	0	0	0	0	0	0	0	0	0	40	45	0	45	44	35	0	9	0	0	43	44	0	0	40	0	0	0	10	2	48	3	48	0	0	0	0	8	0	0	31	8	0	2	0	0	7	0	7	31	0	17	34	5	0	0	35	2	8	0	0	2	0	0	0	0	36	0	0	0	0	36	0	42	0	0	8	30	42	0	0	0	30	0	48	6	0	0	7	32	30	6	30	2	44	28	30	0	9	28	10	5	6	0	28	10	13	13	23	
--------Completition time--------
C1: 215 - 0 [-0.  1.] - 152.0
C2: 290 - 1 [1. 0.] - 152.0
C3: 228 - 1 [1. 0.] - 152.0
C4: 253 - 0 [-0.  1.] - 152.0
C5: 298 - 1 [1. 0.] - 152.0
C6: 299 - 1 [1. 0.] - 152.0
C7: 285 - 1 [1. 0.] - 152.0
C8: 273 - 1 [1. 0.] - 152.0
C9: 295 - 1 [1. 0.] - 152.0
C10: 302 - 1 [1. 0.] - 152.0
C11: 274 - 0 [-0.  1.] - 152.0
C12: 273 - 0 [-0.  1.] - 0.0
C13: 304 - 1 [1. 0.] - 152.0
C14: 288 - 0 [0. 1.] - 152.0
C15: 291 - 0 [0. 1.] - 152.0
C16: 305 - 0 [-0.  1.] - 152.0
C17: 248 - 1 [1. 0.] - 152.0
C18: 304 - 0 [-0.  1.] - 152.0
C19: 286 - 0 [0. 1.] - 152.0
C20: 280 - 0 [-0.  1.] - 152.0
C21: 287 - 0 [-0.  1.] - 152.0
C22: 283 - 0 [-0.  1.] - 152.0
C23: 305 - 1 [1. 0.] - 152.0
C24: 157 - 0 [0. 1.] - 152.0
C25: 246 - 0 [0. 1.] - 152.0
C26: 302 - 0 [-0.  1.] - 152.0
C27: 294 - 0 [-0.  1.] - 152.0
C28: 301 - 1 [1. 0.] - 152.0
C29: 128 - 1 [1. 0.] - 152.0
C30: 293 - 1 [1. 0.] - 152.0
C31: 246 - 1 [1. 0.] - 152.0
C32: 286 - 1 [1. 0.] - 152.0
C33: 213 - 0 [0. 1.] - 152.0
C34: 249 - 1 [1. 0.] - 152.0
C35: 253 - 1 [1. 0.] - 152.0
C36: 268 - 1 [1. 0.] - 152.0
C37: 244 - 0 [-0.  1.] - 152.0
C38: 168 - 0 [-0.  1.] - 152.0
C39: 247 - 0 [-0.  1.] - 152.0
C40: 221 - 1 [1. 0.] - 152.0
C41: 257 - 0 [-0.  1.] - 152.0
C42: 275 - 1 [1. 0.] - 152.0
C43: 217 - 1 [1. 0.] - 152.0
C44: 291 - 1 [1. 0.] - 152.0
C45: 210 - 1 [1. 0.] - 152.0
C46: 285 - 0 [0. 1.] - 152.0
C47: 230 - 0 [0. 1.] - 152.0
C48: 281 - 1 [1. 0.] - 152.0
C49: 139 - 0 [-0.  1.] - 152.0
C50: 290 - 0 [0. 1.] - 152.0
max is: 305
check other constraints
OK
-------------7------------
OPTIMAL VALUE: [155.]
--------Machine allocation--------
0	0	5	32	32	8	48	43	23	0	0	0	0	3	0	2	0	6	7	2	9	23	0	0	9	0	0	0	0	0	5	0	10	34	29	0	0	0	32	0	10	0	8	0	0	48	0	0	0	6	45	0	31	42	0	0	28	0	0	7	0	0	43	29	0	0	43	17	35	3	0	42	0	0	0	44	0	0	0	7	0	0	5	29	0	0	0	0	31	31	0	0	0	32	29	0	0	7	0	31	0	0	0	48	9	44	0	0	0	44	0	0	0	48	0	0	0	30	0	0	13	36	0	36	36	44	44	36	0	36	36	34	0	34	0	0	0	0	0	8	43	10	0	35	40	45	42	0	40	28	30	0	10	0	3	0	6	0	42	43	0	45	35	28	10	31	17	0	0	0	0	0	0	7	0	2	0	29	0	13	30	5	42	0	0	45	28	0	23	0	0	0	0	0	17	0	7	0	0	3	23	0	17	0	0	0	40	42	28	0	0	0	0	0	3	0	31	43	17	5	13	0	0	2	0	0	0	40	40	45	34	0	0	23	0	6	0	0	29	0	5	0	13	8	9	6	0	0	0	0	2	9	0	8	0	0	34	0	48	9	0	3	48	44	0	40	23	28	35	0	0	35	0	10	35	45	34	0	0	0	13	32	2	0	30	0	0	8	0	0	30	30	6	0	0	0	13	0	0	0	17	32	
0	0	25	0	0	49	0	26	0	22	0	15	0	1	0	47	0	20	20	0	50	15	0	14	0	27	0	0	0	14	0	50	50	0	0	0	39	27	16	25	37	0	37	11	19	0	0	15	0	33	0	0	0	0	15	0	0	22	0	14	0	0	46	0	47	0	27	38	12	18	0	0	46	0	49	0	26	16	12	21	41	12	0	12	0	0	26	21	21	38	12	12	21	0	0	26	24	18	18	21	38	24	49	24	0	0	38	0	4	0	0	0	1	0	0	15	0	0	0	0	0	39	37	0	19	0	0	0	37	0	50	0	0	16	41	0	41	0	0	46	0	0	4	39	50	0	0	0	33	39	0	1	0	47	1	0	0	0	0	0	41	14	19	25	0	46	0	0	11	0	0	0	11	0	4	0	0	0	25	0	47	0	0	0	27	39	0	0	0	14	22	0	0	0	46	33	11	0	0	0	20	0	0	0	4	0	22	0	0	0	0	0	0	0	0	11	16	0	1	39	20	15	19	16	0	20	33	33	19	0	0	27	0	46	1	0	0	4	47	0	22	0	0	0	22	0	25	33	27	0	0	0	0	0	0	0	47	41	19	0	0	0	50	16	0	0	4	0	0	41	37	0	11	25	0	0	37	0	0	0	0	20	14	38	21	24	49	49	18	24	0	26	18	26	0	49	18	0	24	38	0	0	
--------Completition time--------
C1: 238 - 1 [1. 0.] - 152.0
C2: 286 - 0 [0. 1.] - 152.0
C3: 265 - 0 [-0.  1.] - 152.0
C4: 270 - 1 [1. 0.] - 152.0
C5: 244 - 0 [-0.  1.] - 152.0
C6: 296 - 0 [0. 1.] - 152.0
C7: 200 - 0 [-0.  1.] - 152.0
C8: 291 - 0 [-0.  1.] - 152.0
C9: 263 - 0 [-0.  1.] - 152.0
C10: 277 - 0 [-0.  1.] - 152.0
C11: 276 - 1 [1. 0.] - 152.0
C12: 95 - 1 [1. 0.] - 152.0
C13: 300 - 0 [-0.  1.] - 152.0
C14: 286 - 1 [1. 0.] - 152.0
C15: 225 - 1 [1. 0.] - 152.0
C16: 267 - 1 [1. 0.] - 152.0
C17: 304 - 0 [0. 1.] - 152.0
C18: 300 - 1 [1. 0.] - 152.0
C19: 262 - 1 [1. 0.] - 152.0
C20: 285 - 1 [1. 0.] - 152.0
C21: 288 - 1 [1. 0.] - 152.0
C22: 248 - 1 [1. 0.] - 152.0
C23: 270 - 0 [-0.  1.] - 152.0
C24: 302 - 1 [1. 0.] - 152.0
C25: 277 - 1 [1. 0.] - 152.0
C26: 297 - 1 [1. 0.] - 152.0
C27: 252 - 1 [1. 0.] - 152.0
C28: 271 - 0 [0. 1.] - 152.0
C29: 242 - 0 [0. 1.] - 0.0
C30: 295 - 0 [0. 1.] - 152.0
C31: 220 - 0 [-0.  1.] - 152.0
C32: 305 - 0 [0. 1.] - 152.0
C33: 251 - 1 [1. 0.] - 152.0
C34: 280 - 0 [-0.  1.] - 152.0
C35: 278 - 0 [-0.  1.] - 152.0
C36: 134 - 0 [-0.  1.] - 152.0
C37: 280 - 1 [1. 0.] - 152.0
C38: 303 - 1 [1. 0.] - 152.0
C39: 223 - 1 [1. 0.] - 152.0
C40: 269 - 0 [-0.  1.] - 152.0
C41: 273 - 1 [1. 0.] - 152.0
C42: 211 - 0 [0. 1.] - 152.0
C43: 221 - 0 [-0.  1.] - 152.0
C44: 267 - 0 [-0.  1.] - 152.0
C45: 279 - 0 [0. 1.] - 152.0
C46: 237 - 1 [1. 0.] - 152.0
C47: 260 - 1 [1. 0.] - 152.0
C48: 266 - 0 [0. 1.] - 152.0
C49: 299 - 1 [1. 0.] - 152.0
C50: 266 - 1 [1. 0.] - 152.0
max is: 305
check other constraints
OK
-------------8------------
OPTIMAL VALUE: [155.]
--------Machine allocation--------
0	0	18	50	0	4	47	0	0	20	0	0	0	0	0	39	0	49	0	0	0	24	26	41	41	0	0	27	0	46	0	50	38	0	24	0	0	0	0	0	0	12	37	4	0	21	0	0	0	33	0	0	19	0	33	24	0	20	14	4	0	0	0	19	39	0	4	41	22	12	12	0	14	0	0	16	0	49	50	4	27	0	49	14	37	0	0	0	46	1	21	0	0	0	18	38	19	0	0	0	0	15	15	12	37	16	50	0	49	22	50	0	18	39	49	0	16	46	0	27	11	11	19	26	0	0	0	41	0	0	0	0	0	50	0	1	26	16	47	21	27	0	47	0	0	0	0	14	11	0	0	22	0	0	49	37	0	0	39	26	20	0	38	0	0	0	1	0	14	33	0	0	4	21	0	0	27	18	0	33	0	0	0	39	24	0	39	26	0	0	0	0	0	22	0	0	0	0	0	12	0	14	0	15	0	46	0	22	0	1	0	0	0	0	0	0	0	1	0	11	0	0	0	11	18	0	33	0	0	0	0	47	47	0	0	20	0	0	0	21	0	38	46	47	38	0	0	0	0	15	11	41	0	0	15	0	37	0	26	37	0	0	0	0	0	0	0	33	0	0	0	27	19	24	1	20	38	0	46	21	16	19	18	0	0	15	0	16	12	0	41	0	0	0	20	0	0	0	22	0	0	24	
0	0	34	2	43	42	0	0	10	5	0	0	40	0	0	0	0	28	25	23	42	0	0	30	5	0	10	0	23	40	7	0	0	34	0	10	9	0	0	34	0	29	0	0	17	43	9	0	17	0	0	17	0	8	0	35	17	3	35	0	0	3	0	0	0	0	44	0	0	0	36	0	45	25	42	0	0	8	0	32	40	35	0	10	13	44	7	0	0	13	44	0	0	40	28	43	6	0	42	5	0	36	0	0	17	29	25	0	35	48	0	0	8	0	0	0	45	48	0	0	0	0	40	0	0	9	25	0	0	0	17	0	0	7	23	8	2	13	0	0	0	0	0	0	3	13	0	8	2	0	43	0	42	45	23	36	25	0	30	0	30	23	32	0	25	0	45	0	28	7	0	0	0	0	9	0	43	40	30	0	0	0	0	0	0	2	9	0	0	0	31	0	0	0	0	0	32	0	6	0	44	31	45	5	3	2	0	5	0	7	35	29	31	48	0	31	0	0	0	0	8	0	48	42	0	0	0	6	0	0	23	0	31	0	0	0	34	34	5	7	28	31	48	2	0	36	0	0	0	34	29	0	9	0	0	0	3	36	0	0	0	3	29	0	0	36	0	0	0	45	0	0	0	6	6	10	48	0	0	0	43	32	6	0	35	44	30	0	0	0	0	30	28	0	13	13	28	32	32	29	10	44	
--------Completition time--------
C1: 278 - 0 [0. 1.] - 152.0
C2: 247 - 1 [1. 0.] - 152.0
C3: 265 - 1 [1. 0.] - 152.0
C4: 176 - 0 [-0.  1.] - 152.0
C5: 242 - 1 [1. 0.] - 152.0
C6: 286 - 1 [1. 0.] - 152.0
C7: 243 - 1 [1. 0.] - 152.0
C8: 224 - 1 [1. 0.] - 152.0
C9: 256 - 1 [1. 0.] - 152.0
C10: 304 - 1 [1. 0.] - 152.0
C11: 254 - 0 [-0.  1.] - 152.0
C12: 292 - 0 [-0.  1.] - 152.0
C13: 299 - 1 [1. 0.] - 152.0
C14: 205 - 0 [0. 1.] - 152.0
C15: 289 - 0 [0. 1.] - 152.0
C16: 291 - 0 [-0.  1.] - 152.0
C17: 134 - 1 [1. 0.] - 152.0
C18: 286 - 0 [-0.  1.] - 152.0
C19: 285 - 0 [0. 1.] - 152.0
C20: 298 - 0 [-0.  1.] - 152.0
C21: 283 - 0 [-0.  1.] - 152.0
C22: 302 - 0 [-0.  1.] - 152.0
C23: 234 - 1 [1. 0.] - 152.0
C24: 305 - 0 [0. 1.] - 152.0
C25: 168 - 1 [0. 1.] - 152.0
C26: 262 - 0 [-0.  1.] - 152.0
C27: 275 - 0 [-0.  1.] - 152.0
C28: 300 - 1 [1. 0.] - 152.0
C29: 303 - 1 [1. 0.] - 152.0
C30: 295 - 1 [1. 0.] - 152.0
C31: 245 - 1 [1. 0.] - 152.0
C32: 302 - 1 [1. 0.] - 152.0
C33: 271 - 0 [0. 1.] - 152.0
C34: 253 - 1 [1. 0.] - 152.0
C35: 288 - 1 [1. 0.] - 152.0
C36: 269 - 1 [1. 0.] - 0.0
C37: 263 - 0 [0. 1.] - 152.0
C38: 280 - 0 [-0.  1.] - 152.0
C39: 190 - 0 [-0.  1.] - 152.0
C40: 181 - 1 [1. 0.] - 152.0
C41: 294 - 0 [0. 1.] - 152.0
C42: 227 - 1 [1. 0.] - 152.0
C43: 284 - 1 [1. 0.] - 152.0
C44: 305 - 1 [1. 0.] - 152.0
C45: 273 - 1 [1. 0.] - 152.0
C46: 282 - 0 [-0.  1.] - 152.0
C47: 247 - 0 [-0.  1.] - 152.0
C48: 280 - 1 [1. 0.] - 152.0
C49: 158 - 0 [-0.  1.] - 152.0
C50: 137 - 0 [0. 1.] - 152.0
max is: 305
check other constraints
VIOLATED
-------------9------------
OPTIMAL VALUE: [155.]
--------Machine allocation--------
0	0	5	48	48	34	48	3	48	0	48	0	0	0	0	0	32	0	44	44	0	0	6	0	6	0	0	0	0	3	0	0	0	0	23	0	23	0	0	28	0	0	31	0	0	10	45	35	17	5	7	32	0	0	40	0	44	7	2	30	43	2	5	32	30	0	0	0	29	10	0	0	0	0	0	7	0	0	0	43	0	42	0	0	34	0	0	0	0	48	0	31	0	0	8	0	31	7	34	0	6	45	40	0	0	6	17	30	28	45	28	0	0	42	43	0	6	0	0	0	36	8	0	0	0	23	34	3	36	0	0	23	13	35	0	0	9	44	29	0	0	0	7	34	0	0	13	17	0	31	0	13	42	0	0	0	10	0	30	0	35	0	23	28	0	43	3	9	36	0	5	0	0	0	0	0	8	0	0	10	0	35	32	0	0	0	36	30	0	35	10	13	8	0	34	6	0	8	31	0	36	40	35	0	0	13	10	0	0	0	0	32	17	40	43	0	0	28	5	40	2	36	0	0	0	45	42	0	3	3	9	0	0	0	0	2	0	7	45	0	28	2	17	0	23	0	29	0	0	0	0	40	0	0	0	0	0	0	0	0	0	0	45	9	8	17	0	2	30	31	0	43	0	0	29	9	0	44	29	0	0	0	9	0	0	0	44	32	0	0	0	0	29	0	0	0	5	0	42	42	13	0	
0	0	26	26	0	0	22	0	0	0	0	0	0	37	0	0	0	0	49	0	0	21	16	37	0	1	12	0	0	11	0	0	0	0	0	27	24	15	47	0	19	18	0	46	0	0	21	0	0	25	0	0	21	50	0	27	25	0	41	12	0	0	0	0	38	4	0	0	14	0	0	0	0	0	12	0	0	16	0	22	38	20	0	0	0	0	0	0	25	0	0	11	16	15	0	0	0	38	0	50	49	33	0	21	22	0	0	15	15	0	0	12	18	11	0	0	0	0	46	0	19	41	0	0	0	0	46	26	0	0	39	41	12	20	0	18	46	14	47	26	38	0	1	14	18	0	0	20	1	0	25	24	0	46	0	0	41	0	4	46	0	0	0	0	0	0	49	26	24	0	14	33	39	49	39	4	0	38	47	39	0	4	41	19	0	49	0	0	0	0	1	22	0	0	11	0	50	0	37	27	50	47	11	0	0	0	37	0	0	0	0	0	47	27	0	0	24	0	39	15	47	0	27	22	50	19	37	0	16	0	20	18	0	0	0	0	0	49	21	41	0	0	27	16	24	14	1	38	0	12	14	0	0	0	26	0	20	50	18	0	0	0	0	0	0	39	0	19	16	1	0	0	15	0	4	0	25	0	0	0	11	25	0	0	0	20	19	0	0	0	24	0	0	21	0	22	37	33	33	33	4	33	
--------Completition time--------
C1: 273 - 1 [1. 0.] - 152.0
C2: 271 - 0 [0. 1.] - 152.0
C3: 233 - 0 [-0.  1.] - 152.0
C4: 304 - 1 [1. 0.] - 152.0
C5: 300 - 0 [0. 1.] - 152.0
C6: 199 - 0 [-0.  1.] - 152.0
C7: 241 - 0 [0. 1.] - 152.0
C8: 268 - 0 [0. 1.] - 152.0
C9: 286 - 0 [-0.  1.] - 152.0
C10: 210 - 0 [-0.  1.] - 152.0
C11: 284 - 1 [1. 0.] - 152.0
C12: 253 - 1 [1. 0.] - 152.0
C13: 304 - 0 [-0.  1.] - 152.0
C14: 254 - 1 [1. 0.] - 152.0
C15: 276 - 1 [1. 0.] - 152.0
C16: 272 - 1 [1. 0.] - 152.0
C17: 269 - 0 [-0.  1.] - 152.0
C18: 262 - 1 [1. 0.] - 152.0
C19: 290 - 1 [1. 0.] - 152.0
C20: 289 - 1 [1. 0.] - 152.0
C21: 297 - 1 [1. 0.] - 152.0
C22: 299 - 1 [1. 0.] - 152.0
C23: 248 - 0 [-0.  1.] - 152.0
C24: 294 - 1 [1. 0.] - 152.0
C25: 285 - 1 [1. 0.] - 152.0
C26: 258 - 1 [1. 0.] - 152.0
C27: 246 - 1 [1. 0.] - 152.0
C28: 244 - 0 [0. 1.] - 152.0
C29: 296 - 0 [0. 1.] - 152.0
C30: 272 - 0 [0. 1.] - 152.0
C31: 273 - 0 [-0.  1.] - 152.0
C32: 291 - 0 [0. 1.] - 152.0
C33: 305 - 1 [1. 0.] - 152.0
C34: 198 - 0 [-0.  1.] - 152.0
C35: 206 - 0 [-0.  1.] - 152.0
C36: 225 - 0 [-0.  1.] - 152.0
C37: 300 - 1 [1. 0.] - 152.0
C38: 251 - 1 [1. 0.] - 152.0
C39: 269 - 1 [1. 0.] - 152.0
C40: 255 - 0 [0. 1.] - 152.0
C41: 243 - 1 [1. 0.] - 152.0
C42: 303 - 0 [0. 1.] - 152.0
C43: 275 - 0 [-0.  1.] - 152.0
C44: 290 - 0 [0. 1.] - 152.0
C45: 266 - 0 [0. 1.] - 152.0
C46: 163 - 1 [1. 0.] - 152.0
C47: 224 - 1 [1. 0.] - 152.0
C48: 93 - 0 [0. 1.] - 152.0
C49: 241 - 1 [1. 0.] - 152.0
C50: 261 - 1 [1. 0.] - 0.0
max is: 305
check other constraints
OK
-------------10------------
OPTIMAL VALUE: [155.]
--------Machine allocation--------
0	0	14	21	20	15	20	24	21	0	0	1	0	0	16	22	25	11	0	0	26	0	11	0	0	0	0	49	0	0	0	0	26	0	12	0	0	0	0	0	46	0	0	27	25	24	22	4	24	19	0	0	0	0	20	50	33	19	0	12	41	0	37	0	0	0	46	0	0	0	0	0	0	37	0	0	0	0	0	46	0	0	0	1	0	37	0	38	0	12	0	0	27	0	14	25	14	0	33	0	27	0	0	1	41	39	50	46	18	0	0	0	0	0	27	0	0	0	4	41	0	0	0	14	21	19	4	0	1	41	50	39	0	0	18	33	12	0	0	0	50	22	0	0	21	4	0	47	21	0	16	0	0	0	18	0	12	0	0	16	1	20	0	27	15	0	39	37	27	0	0	0	0	49	26	0	0	24	0	22	15	0	0	0	18	38	0	0	0	22	37	0	4	12	0	49	25	0	20	15	46	0	0	11	47	49	0	0	0	47	11	0	16	0	0	0	39	0	41	1	19	0	0	0	0	0	15	38	47	4	0	0	0	21	0	11	47	0	50	24	11	0	20	18	19	15	0	0	14	46	0	0	0	0	0	0	0	49	0	0	16	26	37	0	0	16	0	25	0	0	0	0	0	19	0	33	25	0	0	0	14	47	0	0	38	18	0	0	0	50	39	49	33	26	24	26	22	33	38	38	41	39	
0	0	0	0	10	0	0	0	0	0	0	0	5	0	0	0	6	0	0	8	28	10	0	45	8	0	0	34	0	0	0	0	0	0	2	7	40	0	7	42	0	48	30	0	8	0	0	30	0	0	8	3	0	7	31	0	35	6	0	0	0	0	42	8	0	0	0	0	0	0	0	0	3	0	0	35	0	31	17	0	0	0	34	0	0	0	0	0	0	32	29	7	0	0	0	9	0	3	43	13	44	29	36	0	0	35	40	0	0	44	36	48	0	0	0	0	23	0	23	13	0	0	0	0	29	9	0	0	31	0	40	17	0	29	2	0	34	28	32	0	36	0	23	0	28	30	13	0	17	48	0	36	0	0	2	0	44	42	31	0	0	0	0	0	23	2	28	0	44	31	32	2	13	43	48	42	30	8	0	35	17	32	0	43	0	0	0	0	13	32	0	29	36	0	34	0	0	48	10	3	13	0	0	0	5	0	0	0	0	0	28	0	0	0	29	0	34	3	0	0	6	35	35	40	45	0	9	0	36	7	0	0	0	0	0	2	30	44	0	0	43	34	40	44	42	40	0	17	45	0	0	0	43	0	17	6	42	0	0	30	0	0	0	45	0	45	3	28	48	0	6	0	45	23	9	0	0	32	43	0	0	0	0	23	9	0	0	0	9	0	0	31	0	5	10	10	5	5	7	6	5	10	
--------Completition time--------
C1: 223 - 0 [0. 1.] - 152.0
C2: 239 - 1 [1. 0.] - 152.0
C3: 270 - 1 [1. 0.] - 152.0
C4: 233 - 0 [-0.  1.] - 152.0
C5: 304 - 1 [1. 0.] - 152.0
C6: 303 - 1 [1. 0.] - 152.0
C7: 302 - 1 [1. 0.] - 152.0
C8: 181 - 1 [1. 0.] - 152.0
C9: 292 - 1 [1. 0.] - 152.0
C10: 305 - 1 [1. 0.] - 152.0
C11: 244 - 0 [0. 1.] - 152.0
C12: 197 - 0 [0. 1.] - 152.0
C13: 204 - 1 [1. 0.] - 152.0
C14: 284 - 0 [-0.  1.] - 152.0
C15: 249 - 0 [0. 1.] - 152.0
C16: 269 - 0 [-0.  1.] - 152.0
C17: 258 - 1 [1. 0.] - 152.0
C18: 289 - 0 [-0.  1.] - 152.0
C19: 277 - 0 [0. 1.] - 152.0
C20: 246 - 0 [-0.  1.] - 152.0
C21: 237 - 0 [-0.  1.] - 152.0
C22: 300 - 0 [0. 1.] - 152.0
C23: 287 - 1 [1. 0.] - 152.0
C24: 298 - 0 [-0.  1.] - 152.0
C25: 280 - 0 [0. 1.] - 152.0
C26: 299 - 0 [0. 1.] - 152.0
C27: 172 - 0 [-0.  1.] - 152.0
C28: 271 - 1 [1. 0.] - 152.0
C29: 218 - 1 [1. 0.] - 152.0
C30: 263 - 1 [1. 0.] - 152.0
C31: 295 - 1 [1. 0.] - 152.0
C32: 281 - 1 [1. 0.] - 152.0
C33: 301 - 0 [0. 1.] - 152.0
C34: 245 - 1 [1. 0.] - 152.0
C35: 226 - 1 [1. 0.] - 152.0
C36: 232 - 1 [1. 0.] - 152.0
C37: 266 - 0 [-0.  1.] - 152.0
C38: 303 - 0 [-0.  1.] - 152.0
C39: 305 - 0 [0. 1.] - 152.0
C40: 249 - 1 [1. 0.] - 152.0
C41: 304 - 0 [-0.  1.] - 152.0
C42: 260 - 1 [1. 0.] - 152.0
C43: 282 - 1 [1. 0.] - 152.0
C44: 247 - 1 [1. 0.] - 152.0
C45: 276 - 1 [1. 0.] - 152.0
C46: 253 - 0 [-0.  1.] - 152.0
C47: 285 - 0 [0. 1.] - 152.0
C48: 272 - 1 [1. 0.] - 0.0
C49: 295 - 0 [-0.  1.] - 152.0
C50: 293 - 0 [0. 1.] - 152.0
max is: 305
check other constraints
OK
-------------11------------
OPTIMAL VALUE: [155.]
--------Machine allocation--------
0	0	3	6	6	0	44	32	10	10	0	0	2	30	23	30	0	34	0	0	10	0	0	34	0	0	29	48	29	0	5	7	6	23	0	17	0	32	0	9	13	6	0	0	32	0	0	0	2	0	0	0	0	29	2	0	6	48	8	31	0	0	23	5	0	0	25	3	0	32	0	3	13	0	0	8	48	10	0	29	0	0	0	0	0	7	23	0	0	0	0	2	0	0	0	9	0	34	13	25	10	5	17	36	0	9	0	13	0	5	34	0	9	0	0	0	0	0	0	0	0	30	30	0	29	0	30	0	0	7	36	25	0	0	0	9	17	0	32	43	45	34	0	0	35	45	40	40	45	0	43	45	42	45	35	28	35	0	40	42	40	48	35	0	43	43	0	43	0	0	0	5	0	0	3	31	0	0	0	3	0	0	0	0	0	44	5	31	0	0	13	8	36	0	0	0	44	48	13	0	0	0	40	44	0	0	0	8	0	0	0	23	0	0	10	44	0	0	0	42	28	0	35	0	42	42	28	28	42	0	28	40	35	28	0	0	0	0	8	0	0	36	0	0	0	0	0	0	0	44	0	0	2	0	0	0	36	0	0	0	0	6	0	0	17	0	0	0	31	0	17	30	7	29	3	2	36	0	7	25	0	23	0	9	0	0	32	25	7	0	0	25	48	0	31	34	0	17	8	31	43	45	
0	0	50	0	0	1	0	0	0	18	0	37	22	20	0	41	18	46	0	0	0	20	0	0	0	0	0	0	0	12	39	0	0	49	22	14	21	0	0	0	21	0	0	0	0	0	0	0	18	33	47	22	0	33	27	33	11	0	0	16	38	0	19	19	0	18	0	33	0	21	0	1	18	0	0	0	0	0	0	0	0	0	0	0	0	0	0	24	0	0	0	0	50	0	0	50	26	11	47	26	49	12	0	0	27	12	0	46	50	38	47	0	0	24	47	1	49	11	0	0	39	39	0	22	47	0	0	0	26	24	20	0	0	33	0	0	0	0	0	0	0	4	0	37	26	0	0	12	1	38	0	0	0	0	49	26	0	0	12	0	24	14	0	0	0	46	0	0	46	0	0	27	41	0	0	49	14	0	0	21	0	39	33	27	11	0	0	16	38	41	1	0	26	0	19	22	41	0	0	20	39	41	24	0	0	0	0	0	0	0	20	46	21	0	0	0	41	0	0	50	16	39	15	37	24	0	0	0	14	0	38	0	0	0	0	0	37	49	47	11	0	0	15	0	12	19	0	0	0	0	0	0	46	37	0	0	4	19	11	0	27	0	0	0	20	0	21	0	38	0	4	0	0	0	16	4	50	27	16	0	19	1	0	14	0	0	0	0	0	37	0	14	18	22	0	4	4	15	16	15	15	15	
--------Completition time--------
C1: 285 - 1 [1. 0.] - 152.0
C2: 279 - 0 [0. 1.] - 152.0
C3: 278 - 0 [-0.  1.] - 152.0
C4: 300 - 1 [1. 0.] - 152.0
C5: 190 - 0 [-0.  1.] - 152.0
C6: 265 - 0 [0. 1.] - 152.0
C7: 292 - 0 [0. 1.] - 152.0
C8: 302 - 0 [-0.  1.] - 152.0
C9: 287 - 0 [0. 1.] - 152.0
C10: 218 - 0 [-0.  1.] - 152.0
C11: 262 - 1 [1. 0.] - 152.0
C12: 248 - 1 [1. 0.] - 152.0
C13: 202 - 0 [0. 1.] - 152.0
C14: 295 - 1 [1. 0.] - 152.0
C15: 305 - 1 [1. 0.] - 152.0
C16: 302 - 1 [1. 0.] - 152.0
C17: 301 - 0 [-0.  1.] - 152.0
C18: 296 - 1 [1. 0.] - 152.0
C19: 284 - 1 [1. 0.] - 152.0
C20: 268 - 1 [1. 0.] - 152.0
C21: 270 - 1 [1. 0.] - 152.0
C22: 297 - 1 [1. 0.] - 152.0
C23: 285 - 0 [-0.  1.] - 152.0
C24: 228 - 1 [1. 0.] - 152.0
C25: 295 - 0 [1. 0.] - 152.0
C26: 196 - 1 [1. 0.] - 152.0
C27: 281 - 1 [1. 0.] - 152.0
C28: 237 - 0 [0. 1.] - 152.0
C29: 277 - 0 [-0.  1.] - 152.0
C30: 275 - 0 [0. 1.] - 152.0
C31: 303 - 0 [-0.  1.] - 152.0
C32: 290 - 0 [0. 1.] - 152.0
C33: 186 - 1 [1. 0.] - 152.0
C34: 299 - 0 [-0.  1.] - 152.0
C35: 236 - 0 [-0.  1.] - 152.0
C36: 280 - 0 [-0.  1.] - 152.0
C37: 293 - 1 [1. 0.] - 152.0
C38: 272 - 1 [1. 0.] - 152.0
C39: 225 - 1 [1. 0.] - 152.0
C40: 235 - 0 [0. 1.] - 152.0
C41: 220 - 1 [1. 0.] - 152.0
C42: 232 - 0 [0. 1.] - 152.0
C43: 304 - 0 [-0.  1.] - 152.0
C44: 253 - 0 [-0.  1.] - 152.0
C45: 305 - 0 [-0.  1.] - 152.0
C46: 256 - 1 [1. 0.] - 152.0
C47: 242 - 1 [1. 0.] - 152.0
C48: 296 - 0 [-0.  1.] - 152.0
C49: 241 - 1 [1. 0.] - 152.0
C50: 280 - 1 [1. 0.] - 152.0
max is: 305
check other constraints
VIOLATED
-------------12------------
OPTIMAL VALUE: [155.]
--------Machine allocation--------
0	0	38	33	47	22	50	27	50	12	46	1	0	1	0	41	20	0	0	0	33	0	49	19	0	49	21	0	33	15	0	0	4	0	0	20	37	24	46	0	16	27	22	0	39	24	0	11	14	0	25	38	0	12	12	16	0	19	0	0	0	0	20	11	0	25	0	47	50	22	0	41	0	0	0	0	37	0	0	38	0	26	0	39	0	14	0	26	18	0	0	0	0	19	1	19	0	0	4	0	0	12	0	0	41	0	20	0	27	4	0	4	0	0	0	0	0	0	37	0	0	0	0	0	0	15	0	47	0	41	0	18	0	0	4	14	50	0	27	0	0	0	0	0	1	0	0	0	18	22	14	0	41	0	24	0	0	0	38	0	0	1	0	0	20	0	24	24	50	0	0	16	0	0	11	15	0	0	25	20	0	46	0	0	0	0	0	0	0	47	0	15	0	14	0	0	0	0	22	11	0	0	0	0	0	33	37	0	0	37	0	25	0	49	0	0	0	19	15	12	0	0	0	25	0	0	0	0	49	49	25	0	18	27	0	16	0	33	18	47	11	15	0	0	49	0	0	16	0	50	21	41	12	0	26	0	19	0	21	0	18	39	0	21	4	0	14	26	1	38	0	16	0	21	39	0	11	0	0	33	0	0	0	46	0	0	0	0	46	47	37	0	24	46	22	21	26	27	26	39	39	38	
0	0	2	36	0	0	9	9	0	0	0	0	0	0	0	0	32	0	0	48	10	0	0	0	0	29	7	28	13	34	23	5	5	0	0	7	42	0	0	0	44	32	0	31	0	31	10	0	0	28	0	6	29	0	0	0	7	0	0	31	0	0	3	0	28	17	0	45	48	0	7	8	44	13	35	0	3	9	35	9	0	3	29	0	43	42	28	0	34	5	43	0	32	45	43	13	0	0	0	0	40	0	0	0	0	0	5	40	0	40	0	0	0	23	17	0	2	0	44	2	3	43	0	0	0	8	10	2	10	0	0	0	0	0	0	0	0	0	8	0	3	48	0	0	28	0	0	40	0	35	0	0	5	44	6	0	7	0	0	36	0	0	0	23	0	0	0	0	40	0	48	0	9	9	0	0	0	34	0	23	3	32	34	45	45	0	17	13	0	23	0	0	0	0	35	17	0	0	32	10	0	48	0	34	29	44	0	0	0	36	0	45	0	2	0	0	0	42	0	42	0	31	8	0	6	0	42	0	35	0	0	13	45	0	0	0	31	29	34	0	0	0	17	5	0	0	42	44	0	32	0	17	0	36	0	0	0	36	0	31	43	0	7	0	0	0	40	23	2	0	13	48	0	0	28	36	0	0	30	0	6	30	0	0	30	30	0	43	0	30	0	0	30	0	0	6	10	35	29	8	8	6	
--------Completition time--------
C1: 272 - 0 [0. 1.] - 152.0
C2: 272 - 1 [1. 0.] - 152.0
C3: 184 - 1 [1. 0.] - 152.0
C4: 268 - 0 [-0.  1.] - 152.0
C5: 247 - 1 [1. 0.] - 152.0
C6: 305 - 1 [1. 0.] - 152.0
C7: 266 - 1 [1. 0.] - 152.0
C8: 304 - 1 [1. 0.] - 152.0
C9: 177 - 1 [1. 0.] - 152.0
C10: 300 - 1 [1. 0.] - 152.0
C11: 280 - 0 [0. 1.] - 152.0
C12: 256 - 0 [-0.  1.] - 152.0
C13: 274 - 1 [1. 0.] - 152.0
C14: 270 - 0 [0. 1.] - 152.0
C15: 245 - 0 [0. 1.] - 152.0
C16: 275 - 0 [-0.  1.] - 152.0
C17: 255 - 1 [1. 0.] - 152.0
C18: 264 - 0 [-0.  1.] - 152.0
C19: 260 - 0 [0. 1.] - 152.0
C20: 183 - 0 [-0.  1.] - 152.0
C21: 299 - 0 [-0.  1.] - 152.0
C22: 298 - 0 [0. 1.] - 152.0
C23: 271 - 1 [1. 0.] - 152.0
C24: 296 - 0 [0. 1.] - 152.0
C25: 234 - 0 [0. 1.] - 152.0
C26: 302 - 0 [-0.  1.] - 152.0
C27: 301 - 0 [0. 1.] - 152.0
C28: 278 - 1 [1. 0.] - 152.0
C29: 302 - 1 [1. 0.] - 152.0
C30: 296 - 1 [1. 0.] - 152.0
C31: 263 - 1 [1. 0.] - 152.0
C32: 253 - 1 [1. 0.] - 152.0
C33: 283 - 0 [-0.  1.] - 152.0
C34: 242 - 1 [1. 0.] - 152.0
C35: 301 - 1 [1. 0.] - 152.0
C36: 279 - 1 [1. 0.] - 152.0
C37: 294 - 0 [-0.  1.] - 152.0
C38: 305 - 0 [-0.  1.] - 152.0
C39: 304 - 0 [-0.  1.] - 152.0
C40: 270 - 1 [1. 0.] - 152.0
C41: 255 - 0 [-0.  1.] - 152.0
C42: 250 - 1 [1. 0.] - 152.0
C43: 291 - 1 [1. 0.] - 152.0
C44: 251 - 1 [1. 0.] - 152.0
C45: 236 - 1 [1. 0.] - 152.0
C46: 297 - 0 [-0.  1.] - 152.0
C47: 293 - 0 [0. 1.] - 152.0
C48: 275 - 1 [1. 0.] - 152.0
C49: 248 - 0 [0. 1.] - 152.0
C50: 253 - 0 [-0.  1.] - 152.0
max is: 305
check other constraints
OK
-------------13------------
OPTIMAL VALUE: [155.]
--------Machine allocation--------
0	0	32	0	32	28	45	42	0	0	0	2	29	0	0	0	48	17	30	0	32	17	0	10	0	29	0	0	0	0	34	5	6	7	0	0	5	0	7	0	48	0	0	8	17	0	3	0	0	6	0	10	8	0	0	6	0	0	0	44	0	0	8	7	0	44	23	0	29	0	9	23	31	0	0	0	13	0	5	0	0	0	9	29	0	28	0	45	43	35	40	43	42	0	0	35	45	42	0	0	28	40	28	32	13	34	0	40	0	0	9	0	36	0	36	0	36	10	36	36	36	0	0	5	2	17	23	0	0	6	0	7	0	0	0	3	0	32	0	31	2	3	0	30	0	0	0	44	8	0	0	0	0	0	0	0	0	45	35	0	0	44	0	0	0	9	0	13	0	0	0	35	0	35	40	34	42	0	0	0	0	8	31	3	0	29	32	9	0	30	0	0	0	6	0	0	30	0	45	44	30	0	8	0	0	0	0	29	0	28	45	0	34	0	17	48	34	0	43	43	43	0	0	3	0	48	0	31	23	48	0	0	0	23	2	0	31	44	3	10	0	0	7	0	0	10	13	0	13	42	0	0	0	42	35	0	0	30	28	0	0	31	6	0	0	0	0	0	2	0	9	0	23	5	0	34	0	0	0	7	0	0	0	0	5	0	0	0	0	17	0	0	13	0	0	10	48	2	40	0	40	43	
0	0	0	12	0	49	0	0	1	0	0	0	0	50	22	1	22	0	0	11	1	46	0	50	47	1	0	25	11	0	0	0	22	0	0	39	16	0	0	0	0	47	0	14	46	37	0	0	15	0	39	11	15	0	15	0	0	0	41	0	0	39	0	25	0	50	26	0	38	18	26	12	0	18	0	26	38	12	20	27	14	18	21	33	0	24	21	21	24	24	26	24	33	38	12	19	38	12	4	47	0	12	18	0	41	22	18	19	46	46	0	0	0	0	27	0	0	15	20	0	47	0	25	0	0	37	25	11	0	39	47	0	0	0	0	0	0	50	0	0	39	0	0	16	39	0	0	27	0	0	16	0	0	50	15	0	0	0	0	0	14	4	0	37	0	0	11	19	27	0	0	0	4	0	0	0	20	14	0	27	25	25	27	0	0	0	0	20	46	41	0	0	46	41	0	0	37	0	0	0	0	33	14	16	0	16	0	0	0	1	0	0	0	0	1	4	0	16	0	0	0	0	0	0	0	11	0	0	22	0	33	0	0	33	4	0	0	33	0	0	0	0	37	20	47	0	0	0	0	15	19	0	0	0	0	0	0	0	4	22	0	14	0	41	0	41	0	0	0	0	0	0	0	0	50	0	20	19	19	0	0	0	0	0	21	24	37	38	26	49	49	0	49	49	0	21	24	49	18	21	38	26	
--------Completition time--------
C1: 218 - 1 [1. 0.] - 152.0
C2: 301 - 0 [0. 1.] - 152.0
C3: 242 - 0 [-0.  1.] - 152.0
C4: 262 - 1 [1. 0.] - 152.0
C5: 288 - 0 [-0.  1.] - 152.0
C6: 266 - 0 [0. 1.] - 152.0
C7: 283 - 0 [0. 1.] - 152.0
C8: 206 - 0 [-0.  1.] - 152.0
C9: 274 - 0 [0. 1.] - 152.0
C10: 299 - 0 [-0.  1.] - 152.0
C11: 229 - 1 [1. 0.] - 152.0
C12: 105 - 1 [1. 0.] - 152.0
C13: 296 - 0 [0. 1.] - 152.0
C14: 265 - 1 [1. 0.] - 152.0
C15: 253 - 1 [1. 0.] - 152.0
C16: 221 - 1 [1. 0.] - 152.0
C17: 293 - 0 [0. 1.] - 152.0
C18: 302 - 1 [1. 0.] - 152.0
C19: 282 - 1 [1. 0.] - 152.0
C20: 280 - 1 [1. 0.] - 152.0
C21: 303 - 1 [1. 0.] - 152.0
C22: 263 - 1 [1. 0.] - 152.0
C23: 276 - 0 [-0.  1.] - 152.0
C24: 300 - 1 [1. 0.] - 152.0
C25: 185 - 1 [1. 0.] - 152.0
C26: 305 - 1 [1. 0.] - 152.0
C27: 186 - 1 [1. 0.] - 152.0
C28: 262 - 0 [0. 1.] - 152.0
C29: 211 - 0 [0. 1.] - 152.0
C30: 261 - 0 [0. 1.] - 152.0
C31: 265 - 0 [-0.  1.] - 152.0
C32: 190 - 0 [0. 1.] - 152.0
C33: 241 - 1 [1. 0.] - 152.0
C34: 279 - 0 [-0.  1.] - 152.0
C35: 258 - 0 [-0.  1.] - 152.0
C36: 124 - 0 [-0.  1.] - 152.0
C37: 290 - 1 [1. 0.] - 152.0
C38: 304 - 1 [1. 0.] - 152.0
C39: 148 - 1 [1. 0.] - 152.0
C40: 304 - 0 [0. 1.] - 152.0
C41: 269 - 1 [1. 0.] - 152.0
C42: 257 - 0 [0. 1.] - 152.0
C43: 305 - 0 [-0.  1.] - 152.0
C44: 241 - 0 [-0.  1.] - 152.0
C45: 214 - 0 [-0.  1.] - 152.0
C46: 196 - 1 [1. 0.] - 152.0
C47: 248 - 1 [1. 0.] - 152.0
C48: 300 - 0 [0. 1.] - 152.0
C49: 301 - 1 [1. 0.] - 152.0
C50: 278 - 1 [1. 0.] - 152.0
max is: 305
check other constraints
OK
-------------14------------
OPTIMAL VALUE: [155.]
--------Machine allocation--------
0	0	20	15	39	20	41	27	47	0	1	1	0	41	0	0	0	0	16	19	33	12	49	0	0	49	11	0	0	0	33	0	4	15	0	37	0	16	47	39	27	26	24	39	22	4	14	11	16	0	0	0	16	19	0	39	24	0	0	0	0	41	20	0	0	0	0	18	0	41	0	0	0	0	20	37	0	0	38	41	0	0	0	14	0	0	38	18	0	0	4	19	12	0	0	0	27	21	0	20	0	0	41	0	21	0	4	33	0	4	0	0	50	0	0	0	0	0	15	0	14	0	0	19	0	0	0	18	0	24	0	0	0	14	25	0	26	27	0	0	0	0	47	0	18	0	0	21	0	4	0	0	25	0	0	11	15	12	12	38	0	1	33	24	0	0	0	1	0	25	0	0	0	0	26	0	0	0	22	0	46	0	0	50	0	0	15	0	47	46	0	0	0	0	0	0	22	0	0	19	22	0	25	0	46	37	0	0	0	0	0	0	39	0	11	11	0	12	0	27	0	50	0	0	0	0	20	50	0	49	26	0	16	0	0	1	0	33	47	47	0	0	0	18	0	21	24	25	0	12	50	0	0	21	0	0	18	0	21	0	0	1	46	0	14	0	37	0	0	49	24	0	19	0	14	0	11	0	0	33	39	38	0	25	26	16	0	15	0	37	49	46	22	50	22	49	27	26	38	38	46	37	
0	0	13	9	0	0	43	0	9	0	0	0	0	0	0	0	0	48	10	0	0	0	30	0	45	45	28	48	30	7	23	0	35	44	42	5	0	44	0	35	0	40	0	42	0	10	7	10	0	0	0	0	45	0	32	0	0	3	0	0	0	0	0	6	0	6	48	31	40	0	45	0	10	0	40	35	0	2	0	43	3	0	0	42	34	31	0	36	13	32	0	0	5	34	30	13	0	0	23	0	0	3	0	31	36	40	29	0	0	5	0	0	0	28	0	31	44	43	32	0	0	0	0	0	13	0	0	30	0	0	0	23	0	0	0	31	29	0	29	8	0	0	6	34	28	40	35	23	0	0	0	3	3	3	36	5	0	36	0	7	0	28	0	23	0	5	40	0	48	0	9	9	10	0	0	44	0	2	9	23	0	0	0	0	0	0	0	13	0	0	0	0	9	2	0	0	2	0	0	48	10	0	44	29	29	0	0	36	0	45	0	28	0	17	0	42	0	0	2	0	6	0	17	6	42	0	30	17	34	0	45	13	0	0	0	0	29	0	0	0	0	0	0	0	34	0	32	0	0	0	32	36	0	0	0	17	0	7	0	0	43	0	42	0	0	2	35	0	0	48	17	0	30	0	0	28	6	0	32	0	34	43	44	0	35	43	0	17	0	0	0	0	31	0	8	8	8	7	8	7	5	8	
--------Completition time--------
C1: 265 - 0 [0. 1.] - 152.0
C2: 269 - 1 [1. 0.] - 152.0
C3: 157 - 1 [1. 0.] - 152.0
C4: 153 - 0 [0. 1.] - 152.0
C5: 304 - 1 [1. 0.] - 152.0
C6: 280 - 1 [1. 0.] - 152.0
C7: 303 - 1 [1. 0.] - 152.0
C8: 305 - 1 [1. 0.] - 152.0
C9: 196 - 1 [1. 0.] - 152.0
C10: 204 - 1 [1. 0.] - 152.0
C11: 280 - 0 [-0.  1.] - 152.0
C12: 253 - 0 [-0.  1.] - 0.0
C13: 235 - 1 [1. 0.] - 152.0
C14: 278 - 0 [-0.  1.] - 152.0
C15: 291 - 0 [0. 1.] - 152.0
C16: 289 - 0 [-0.  1.] - 152.0
C17: 291 - 1 [1. 0.] - 152.0
C18: 260 - 0 [-0.  1.] - 152.0
C19: 276 - 0 [0. 1.] - 152.0
C20: 230 - 0 [-0.  1.] - 152.0
C21: 262 - 0 [-0.  1.] - 152.0
C22: 298 - 0 [-0.  1.] - 152.0
C23: 183 - 1 [1. 0.] - 152.0
C24: 274 - 0 [-0.  1.] - 152.0
C25: 287 - 0 [0. 1.] - 152.0
C26: 301 - 0 [-0.  1.] - 152.0
C27: 300 - 0 [0. 1.] - 152.0
C28: 279 - 1 [1. 0.] - 152.0
C29: 240 - 1 [1. 0.] - 152.0
C30: 276 - 1 [1. 0.] - 152.0
C31: 296 - 1 [1. 0.] - 152.0
C32: 282 - 1 [1. 0.] - 152.0
C33: 283 - 0 [-0.  1.] - 152.0
C34: 284 - 1 [1. 0.] - 152.0
C35: 288 - 1 [1. 0.] - 152.0
C36: 255 - 1 [1. 0.] - 0.0
C37: 305 - 0 [0. 1.] - 152.0
C38: 303 - 0 [-0.  1.] - 152.0
C39: 284 - 0 [-0.  1.] - 152.0
C40: 170 - 1 [1. 0.] - 152.0
C41: 106 - 0 [0. 1.] - 152.0
C42: 266 - 1 [1. 0.] - 152.0
C43: 289 - 1 [1. 0.] - 152.0
C44: 286 - 1 [1. 0.] - 152.0
C45: 234 - 1 [1. 0.] - 152.0
C46: 304 - 0 [0. 1.] - 152.0
C47: 243 - 0 [-0.  1.] - 152.0
C48: 273 - 1 [1. 0.] - 152.0
C49: 299 - 0 [0. 1.] - 152.0
C50: 297 - 0 [0. 1.] - 152.0
max is: 305
check other constraints
OK
